67      41
0       34
24      69
58      78
64      62
45      5
27      81
91      61
42      95
36      27
4       91
53      2
82      92
16      21
95      18
26      47
38      71
12      69
99      67
94      35
11      3
33      22
64      73
11      41
68      53
44      47
57      62
59      37
41      23
78      29
35      16
42      90
6       88
42      40
48      64
5       46
29      90
50      70
1       6
48      93
23      29
54      84
40      56
76      66
8       31
39      44
23      26
38      37
82      18
41      29