1       18.7
2       51
3       52
4       9.5
5       54.3
6       27.3
7       80.7
8       74.3
9       48.3
10      82.7
11      93.3
12      14.4
13      75.4
14      11.3
15      2.6
16      24.8
17      46.8
18      16
19      6.8
20      88.9
21      52.4
22      75.4
23      83.9
24      62.5
25      74.6
26      53.1
27      35
28      66.2
29      9.4
30      65.9
31      73.6
32      60.2
33      82.6
34      14.9
35      58.2
36      84.4
37      77.3
38      55.1
39      17.1
40      64.7
41      31.8
42      20.3
43      41.3
44      35.8
45      83.2
46      44.6
47      70
48      32.8
49      86.2
50      13.4